1.163055645113651216e-04
1.473809452065201432e-03
8.998938200548402266e-03
3.599133243359051854e-02
1.088987472275083634e-01
2.728040600333915267e-01
5.965609162776400742e-01
1.160972504097694369e+00
2.005584114224857828e+00
3.046532301400548093e+00
4.036864243237521244e+00
4.641333280366438885e+00
4.610249744783289749e+00
3.940759995642012292e+00
2.914000653679706954e+00
1.998869747015510345e+00
1.705530191158864950e+00
2.455849718331317710e+00
4.465157789236545938e+00
7.626043691118183254e+00
1.145168466279438135e+01
1.515807917458075238e+01
1.790128919506731719e+01
1.909795596334465984e+01
1.868910859523804291e+01
1.719234272296900201e+01
1.547224966129980039e+01
1.431297939154553411e+01
1.400588166738215712e+01
1.420943236857873693e+01
1.423262898040584012e+01
1.360058651606514779e+01
1.248261383590268636e+01
1.162371830710116605e+01
1.181765212577033353e+01
1.330840175126288472e+01
1.552746500434539456e+01
1.735073907178732000e+01
1.776287912676827574e+01
1.653470274870066348e+01
1.443203611232316064e+01
1.276300695749386449e+01
1.254664087979526954e+01
1.383995522565276559e+01
1.565479436293217752e+01
1.656325451729976095e+01
1.566674565300547961e+01
1.328462008753675150e+01
1.082022318709428355e+01
9.843754992030445905e+00
1.103096796096345322e+01
1.368603037022303681e+01
1.614442966487502673e+01
1.679331417110661206e+01
1.509123580536055265e+01
1.195308797303022530e+01
9.224800658094391537e+00
8.551016191355914842e+00
1.034790375267358620e+01
1.352191714035642711e+01
1.609453761595868215e+01
1.634057257812557395e+01
1.375029182415770990e+01
9.254044979349938416e+00
4.626115352749534004e+00
1.489274656522818985e+00
5.312730110184239463e-01
1.335042706127591794e+00
